{alu4: 4.482132105204437, apex2: 6.410224009729427, apex4: 3.530332812370034, b17_1_new_mapped_1x4lut: 8340.236881279945,
  b18_1_new_mapped_1x4lut: 12542.856825339793, b18_new_mapped_1x4lut: 12080.242872333527,
  b19_1_new_mapped_1x4lut: 37513.7811053598, bigkey: 6.480545883131708, clma: 84.88617043847117,
  des: 6.374378302288096, diffeq: 4.652919404804561, dsip: 4.858171197772026, elliptic: 18.437437705881894,
  ex1010: 27.579734410341917, ex5p: 2.9315975103167147, frisc: 17.69716120373123,
  leon3mp_low_fanout_latch_1x4lut: 19484.756770658492, misex3: 4.026714692301539,
  netcard_low_fanout_latch_1x4lut: 21928.685969018938, pdc: 27.78431187797396, s298: 5.938682797600268,
  s38417: 52.036470971302336, s38584_1: 53.591908685219096, seq: 5.720397791034339,
  spla: 18.822850811760873, tseng: 2.960672197554959, uoft_raytracer_low_fanout_latch_1x4lut: 12580.649361332258}
